20	141	25	113	145	136	39	69	79	154	109	67	14	68	154	93	84	43	70	80
111	83	78	68	57	103	63	112	42	34	29	35	56	64	75	81	84	22	25	53	76	94	43	114	51	47	61	69	97	82	58	24	35	39	65	101	29	40	31	95	90	109	74	56	45	115	67	31	25	116	104	38	69	72	90	39	101	81	98	45	81	58	77	98	59	39	79	35	104	51	39	102	102	85	74	35	60	85	81	53	58	86	49	101	61	84	110	62	59	32	30	82
111	34	49	119	91	107	93	33	82	22	42	60	94	25	59	24	30	63	120	60	95
23	55	60	57	27	54	39	25	44	46	49	45	27	32	33	35	61	61	42	23	28	32	24	23	44	30	33	27	59	51	49	47	34	27	43	37	26	45	53	52	59	26	61	48	24	24	56	31	52	35	55	32	55	32	48	28	29	49	52	54
43	61	48	76	56	82	79	64	64	66	38	88	31	60	73	80	76	54	64	88	62	55	27	50	74	72	35	48	90	47	64	84	50	87
120	79	190	45	68	173	87	121	50	38	114	66	65	178	29	47	74	174	180	30	34	64	158	105	167	33	157	63	60	164	108	55	76	136	122	113	139	61	172	53	30	69	78	132	133	85	118	189	150	94	79	143	75	131	87	147	102	132	184	188	177	113	177	140	177	51
75	160	42	138	197	116	31	38	73	135	196	57	85	22	133	152	90	58	80	151	57	150	109	148	120	192	177	53	57	125	183	95	184	47	16	38	31	175	31	125	58	174	115	166	183	178	171	81	54	25	72	124	25	139	57	180	198	65	184	120	29	180	89	67	131	175	47	62	51	134	103	79	134	109	60	63	113	26	187	18	106	94	83
114	42	95	40	163	143	76	76	116	42	30	97	27	55	124	81	56	146	39	96	21	93	67	92	38	157	61	15	160	49	125	95
47	37	64	14	36	24	69	70
108	80	64	96	178	78	47	187	178	54	153	87	30	156	72	137	187	128	40	129	114	67	40	103	55	186	136	174	109	48	69	39	118	92	172	177	100	113	27	140	37	78	107	122
81	63	50	81	76	57	80	58	69	101	62	19	101	58	51	98	56	78	20	88	89	57	80	85	94	25	51	91	32	101	20	43	82	77	55	52	30	95	95	54	49	26	71	96	21	37	92	80	34	23	27	48	68	24	34	78	31	95	34	42	69	42	53	44	85	38	97	79	42	61	43	38	29	100	99	44	91	59	66	35
51	39	62	35	57	92	51	48	60	44	32	68	85	87	82	34	49	24	26	72	76	38	19	82	92	27	21	27	95	82	72	65	19	33	63	41	26	56	92	20	92	24	75	62	68	66	74	97	41	40	97	64	23	86	35	63	31	75	27	49	79	88	93	18	18	27	17	54	66	46	52	76	47	76	17	43	28	90	97	26	60	71	40	52	85	73	79	74
27	18	47	22	53	37	18	44	20	42	44	52	49	21	60	34	40	55	22	47	29	21	37	41	24	20	22	38	37	55	48	38	50	31	28	40	49	21	37	43	49	40	18	40	33	49	49	54	55	45	55	53	47	27	58	44	58	19	55	58	59	38	47	49	60	60	42	49	22	49	57	40	56	51	36	30	41
93	93	57	134	62	70
50	38	36	29	32	27	38	36	39	24	49	48	34	40	51	44	28	45	30	31	40	46	52	47	47	54	35	52	38	27	28	32	46	47	18	26	33	38	17	50	41	52	26	44	21	39	21	24	22	31	35	30	40	52	28	36	40	24	35	24	38	23	38	39	30	32	25	18	23	49	51	27	33	47	36	34	48	52	36	49	26	23
87	80	71	109	114	5	26	73	84	62	31	48	105	20	14	3	100	100	95	15	45	7	77	50	75	106	46	30	67	92	44	8	87	77	112	88	112	93	68	40	19	80	4	106	5	27	105	40	61	80	32	30	64	34	36	5
80	98	102	40	107	57	64	97	105	37	68	46	37	30	61	45	40	52	108
102	141	108	69	56	52	58	109	32	143	78	143	144	128	47	145	115	84	127	68	137	53	109	124	78	105	39	122	85	75	104	66	126	69	49	56	68	88	100	85	61	83	39	84	63	97	134	59	52	30	61	121	85	143	69	53	118	31	66	146	142	63	85	60	152	39	34	29	78	113	152	86
49	78	127	110	14	93	7	117	177	32	110	85	106	45	91	132	40	10	75	158	62	49	103	60	74	91	19	168	143	164	110	152	73	66	165	64	40	81	35	16	162	118	153	38	103	121	41	155	88
81	111	158	129	117	150	51	169	46	73	116	105	190	96	60	119	119	136	88	169	65	85	108	181	192	31	124	107	187	63
20	46	41	65	83	75	62	35	77	21	37	47	36	88	59	20	47	44	27	26	75	24	49	49	56	35	40	33	62	40	52	45	53	30	69	64	83	80	66	43	78	21	65	24	69	37	61	53	78	77	50	77	61	43	68	27	86	82	75	20	40	52	45	50	76	71	24	33	29	43	51	83	31	60	44	59	36	42	75	32	81	79	87	67	35	87	65	35	76	22	78	36	33	25	81	80
136	85	126	125	30	72	124	83	66	74	69	48	90	21	37	83	30	110	76	90	123	116	62	72	30	73	28	14	65	131	98	50	73	56	42	60	117	96	138	81	89	46	34	61	14	123	137	42	26	76	71	30	12	109	30	45	126	18	125	35	103	121	51	60	33	12	113	106	55	54	63	27	80	65	90	47	59	62	87	92	82	88	91	42	25	72	66	12	78	88	35	118	15	115
103	86	72	33	71	90	43	71	71	95	34	56	102	55	45	44	68	94	66	36	102	44	39	89	72	65	101	62	40	79	65	97	73	100	70	93	76	46	83	88	52	46	85	62	36	56
133	138	141	111	134	83	16	171	95	155	86	39	186	170	185	6	78	174	10	103	43	88	103	110	116	185	127	185	180	117	184	182	23	141	172	186	40	26	123	105	85	51	68	37	168	123	112	103	146	86	37	84	167	21	3	156	185	112	17	73	153	24	169	188	183	169	102	17	93	21	46	152	37	110
36	42	57	37	46	29	70	57	36	43	45	53	63	70	36	56	56	54	48	28	41	37	28	49	67	70	61	62	26	26	22	61	75	68	54	24	43	39	36	23	64	72	72	47	72	43	69	39	63	52
84	95	94	82	52	85	24	65	62	61	105	90	32	79	65	22	80	91	42	37	72	85	47	89	27	74	97	63	77	42	26	88	97	54	63	23	74	31	26	26	82	50	29	56	79	23	89	81	45	62	21	55	64	28	21	45	94	28	51	92	24	93	95	67	99	84	86	96	52	67	59
43	34	47	104	30	14	15	19	112	33	124	16	62	67	84	78	119	142	104	111	51	43	30	81	102	46	73	119	129	124	69	94	147	89	141	34	35	3	136	16	45	76	47	120	131	102	37	48	45	51	148	11	141	2	95	143	140
20	24	90	72	39	49	44	28	48	60	76	96	56	50	97	85	85
46	61	99	85	157	80	45	49	92	141	81	72	74	42	125	28	46	27	122	57	109	61	79	110	69	63	146	86	86	77	55	88	145	132
40	133	83	97	80	100	115	35	91	102	93	50	40	71	38	68	21	52	39	42	132	102	123	46	24	102	59	77	62	89	70	88	70	89	95	105	28	72	56	26	128	50	93	95	110	96	133	97	94	77	31	15	85	122	106	65	108
95	130	79	164	65	99	115	112	32	84	113	130	28	176	111	60	35	23	100	147	113	112	5	177	20	16	32	20	172	82	104	116	132	68	60	160	139	165	150	178	144	121	76	11	11	93	125	51	138	133	53	64	68	167	56	148	175	142	103	160	124	53	21	44	120	86	121	27	22	182	98	145	131	100	87	148	26	138	34	66	137	95	185	18	98	164	90	69	83	81	68	54	137	178	111	65	11
91	72	45	90	96	77
53	43	36	65	62	37	58	48	50	72	54	61	64	51	53	59	65	72	34	62	65	54	43	39	38	30	63	71	33	29	50	48	50	66	38	57	49	35	72	47	36	63	54	30	50	47	73	38	68
76	127	88	50	165	149	69	142	12	107	165	16	167	148	144	88	125	99	71	126	155	70	81	34	98	6	32	64	86	119	74	119	17	125	9	159	8	149	150	50	92	52	14	159	67	13	18	130	71	71	145	107	29	81	47	19	123	52	111	103	121	48	107	165	121	82
66	87	60	23	29	23	90	46	23	57	80	1
105	114	22	95	90	34	52	152	161	43	147	119	128	135	60	138	49	145	126	96	46	101	117	141	87	111	29	40	134	48	27	141	150	48	54
55	178	160	93	84	151	99	38	125	54	171	110	69	100	51	119	85	147	26	54	139	135	50	156	65	152	34	117	97	48	128	62	41	82
76	22	144	89	32	42	83	93	100	38	37	105	127	154	119	44	23	40	151	86	159	63	60	118	133	46	123	137	95	142	140	38	124	90	80	102
45	137	75	121	27	34	81	28	75	151	141	63	130	143	102	124	151	129	116	126	52	127	76	93	29	103	78	112	76	78	103	85	45	79	132	84	88	30	78	129	65	53	116	130	43	89	96	45	133	126	126	62	110	119	50	91	91	55	60	98	45	32	97	66	119	118	55	126	122	109	120	81	66
80	69	90	61	83	43	38	81	60	41	29	73	83	84	65	33	59	46	41	83	83	41	79	35	81	52	68	43	40	70	77	84	56	80	72	43	36	74	33	59	82	76	76	62	56	58	40	53	71	30	40	65	29	52	37	34	50	62	51	78	47	47	50	71	25	29	84	34	71	43	42	32	70	67	80	37	36	37	35	51	34	30	38	26	24	39	82	52	44
82	29	93	45	116	167	116	114	96	115	45	77	34	66	166	127	21	158	69	153	63	142	54	137	24	19	51	123	90	49	133	39	114	24	87	47	164	114	28	159	45	33	65	41	147	81	16	72	17	94	36	163	105	50	18	150	125	68	128	20
68	43	81	28	53	93	27	35	98	67	69	68	95	99	83	28	43	86	52	52	95	60	85	40	71	41	74	34	44	45	87	42	26	38	41	94	55	39	87	26	88	99	51	62	72	65	29	78	54	40	82	86	48	38	42	55	71	84	89	90	28	35	48	78	95
17	31	28	93	60	57	39	78	23	77	68	87	129	64	63	61	100	52	28	106	88	49	2	11	53	96	122	82	104	82	32	44	90	24
47	52	141	164	160	35	23	166	120	164	120	92	149	81	36	39	118	163	104	163	151	73	126	23	100	84	125	57	95	14	25	140	162	23	146	44	84	169	55	44	146	97	143	132	63	60	148	114	23	129	59	175	176	126	167	173	27	40	162
131	20	92	28	112	65	78	133	41	29	24	51	91	83	36	58	64	127	107	105	125	95	68	123	111	54	106	44	32	24	125	17	33	114	65	136	35	30	90	91	111	77	48	18	135	81	101	77	107	50	107	114	49	51	25	90	65	99	111	16	19	54	69	63	100	123	74	107	110	83	128	86	37	133	32	18	80	32	46	38	126	36	37	62	125	79	30
41	51	43	36	41	49	40	55	34	46	52	40	55	31	54	41	52	33	40	34	37	50	53	48	28	51	48	50	33	51	51	50	44	51	41	47	47	49	28	40	42	36	47	43	29	29	41	47	49	54	43	47	32	31	55	52	34	43	39	50	33	35	39	51	34	54	50	37	41
32	109	78	115	29	107	51	150	131	17	22	83	70	94	48	148	103	124	10	132	18	118	81	25	42	138	70	37	106	106	50	102
139	47	60	145	145	134	80	56	136	95	93	109	96	64	161	113	30	79	125	60	24	55	110	44
91	97	114	89	115	37	110	79	61	34	105	50	135	95	23	159	33	77	54	74	13	121	106	109	15	24	19	145	82	42	108	105	84	58	88	76	163	69	26	79	19	137	137	138	138	9	68	163	163	121	19	151	19	22	84	163	145	40	99	134	123	85	150	100	56	122	35	120	52	136	37	143	109	49	18	52	72	137	162	152	26	83	67	118
7	46	36	20	30	60	44	4	37	2	21	42	33	29	57	11	60	57	16	17	51	38	1	57	29	52
41	33	51	50	99	56	58	101	59	78	29	57	120	85	34	115	93	72
101	71	88	34	27	44	33	59	30	35	46	78	48	107	86	103	46	69	70	32	76	51	48	86	65	32
20	25	26	50	51	28	27	41	49	30	23	42	22	50	32	35	15	33	50	42	32	29	44	23	49	26	43
63	46	124	33	83	86	113	115	127	143	47	84	61	82	77	121	48	78	124	50	69	48	49	48	58	131	129	46	34	39	115	81	121	129	44	110	115	126	102	113	34	52	49	73	132	145	103	35	69	105
15	43	37	33	44	46	47	26	32	15	15	43	21	41	27	22	16	34	17	40	49
108	30	173	61	40	61	70	179	55	79	51	119	10	81	182	61	18	58	79	70	63	71	101	96	27	66	104	32	21	10	69	13	17	46	45	73	187	82	13	53	112	56	86	176	151	160	120	59	68	174	166	59	104	183	155	27	176	137	33	113	161	67	32	31	124	171	12	153	153	79	63	39	39	54	117	144	39	14	164	165	54	15	59	172	168	61	172	86	45	176	65	104
46	44	40	37	20	57	48	40	58	33	29	45	60	48	20	33	60	11	53	19	55	35	24	31	25	53	40	30	7	23	11	10
41	69	66	68	93	24	43	62	63	35	25	48	94	52	103	62	49	28	34	79	31	34	22	66	23	92	80	50	98	41	27	60	96	44	100	43	103	101	48	23	26	36	49	98
33	97	126	155	35	112	76	121	81	51	130	83	128	71	113	126	145	47	124	122	77	135
39	23	31	30	38	28	42	31	41	29	35	36	38	26	31	24	37	37	46	35	36	28	29	29
48	94	100	29	31	116	25	121	137	141	153	57	62	66	125	60	45	85	38	165	40	65	157	58	132	151	180	67	145	136	20	88	37	121	136	54	49	129	41	166
39	33	68	20	42	25	62	57	69	18	57	40	30	75	36	46	60	40	69	72	62	64	40	70	77	47	51	31	52	34	73	20	36
64	36	38	65	56	58	46	31	68	41	59	46	30	57	63	35	60	36	29	50	31	51	44	37	57	33	66	33	40	35	28	35	35	48	62	28	67	44	67	36	61	37	47	37	34	67	46	32	47	50	34	51	28	29	36	67	52	40	31	33	62	41	57	55	66	47	60	51	28	48	32	65	38	53	31	59	60	50	32	60	53	59	53	63
23	34	20	61	24	55	28	52	25	46	5	30	38	35	5	24	24	15	23	6	11
101	160	34	162	118	172	26	131	49	87	176	62	104	64	73	92	142	57	32	29	102	37	35	36	145	144	168	34	102	100	28	97	93	84	84	150	153	162	171	95	45	33	172	41	33	110	125	75	79	130	167	54	16	38	47	22	67	117	138	71	159	35	76	148	88	55	86	139	19	83	137	30	187	92	65	141	46	69	3	92	43	194	150
48	66	51	109	88	63	53	106	125	125	68	44	70	122	88	78	104	110	93	28	98	30	46	114	53	72	85	107	103	80	79	51	116	44	36	60	103	104	28	97	79	89	44	62	106	112	47	31	110	88	125	109	120	109	83	82	29	124	48	80	66
58	68	72	32	59	47	32	50	40	62	87	74	56	32	66	59	34	32	84	73	63	71
92	70	51	28	70	88	117	28	73	63	34	115	82	63	113	91	103	75	99	41	67	104	54	109	105	41	28	93	112	39	74	41	29	116	100	89	91	74	96	67	94	90	116	32	42	72	84	82	79	28	30	62	118	57
123	74	80	153	93	50	148	79	147	40	64	75	27	68	110	32	132	106	58	130	136	80	108	70	75	92	136	82	152	147	76	63	55	124	36	51	31	86	144	77	126	54	86	144	95	97	117	110	28	56	70	126	28	16	51	99	68	98	112	34	26	152	118	149	30	47	111	19	115	70	138	69	63	130	55	36	130	40	112	21	68	60	51	46	87	37	65	94	85	59	76	93	31
92	165	58	112	122	111	121	171	49	64	46	50	32	75	85	32	127	96	73	40	90	145	21	76	174	42	157	82	61	86	106	150	58	88	179	66	105	170	106	50	23	39	21	140	112	80	147	40	172	29	172	85	162	150	42	162	89	161	98	172	128	122	72	80	116	136	139	59	58	119	99	126	89	53	134	57	72	25	175	66
7	17	15	17	13	24	8	51	8	55	24	50	45	37	22	2	22	2	36	18	19
95	53	21	102	67	152	187	93	80	146	192	150	164	139	175	171	94	83	131	127	81	167	57	35	55	158	141	74	20	43	33	127	142	106	126	105	148	88	190	102	49	39	44	175	88	31	154	160	94	68	107	46	133	56	185	85	23	159	129	116	187	134	50	89	127	70	75	116	126	167	179	74	22	187	175	101	58
50	48	65	39	24	69	27	62	68	71	44	59	55	25	64	63	66	73	73	69	59	52	69	36	51	38	47	48	24	60	56	57	40	48	42	35	69	53	59
181	48	61	54	75	63	22	191	98	90	95	64	48	153	77	90	154	170	98	102	185	63	120	34	189	33	183	60	23	24	170	195	48	32
58	75	44	42	62	99	34	104	62	103
14	187	153	179	59	37	179	133	96	53	89	48	99	45	31	175	149	55	58	22	143	55	40	180	157	8	140	91	54	24	158	142	60	27	91	30	88	178	156	76	61	63	183	31	90	85	134	99	45	78	123	46	96	104	92	127	44	151	100	104	123	30	128	78	61	45	38	125	143	143	181	130	66	76	159	173	176	65	69	120	75	53	105	63
45	113	37	89	72	123	83	60	132	77	19	102	65	94	31	87	101	79	35	108	124	29	43	49	26	34	48	68	76	97	101	39	32	62	39	48	71	54	103	46	93	40	50	49	119	57	62	37	72	35	19	122	41	98	118	81	22	38	68
19	34	44	12	34	8	56	38	37	35	24	9	18	24	33	20	51	55	56	38	34	49	45	14	13	42	26	10	53	29	56	44	23	11	56	8	33	24	18	55	12	44	34	43	40	37	37	21	15	50	31	13	10	12	20	34	55	18	10	30	53	10	32	54	46	54	21	27	44	20	53	41	39	8	41	22	23	23	9	30	44	55	48	24	36	37	47	50	44	53
70	119	49	76	107	69	32	96	54	105	113	118	89	38	54	93	77	60	86	82	117	25	25	103	53	63	70	39	96	119	107	108	62	119	88	74	56	109	86	80	93	127	91	127	109	53	83	40	94	104	50
55	34	70	47	60	69	67	105	42	26	30	89	87	110	116	78	30	65	57	75	98	83	62	68	57	99	90	75	28	103	113	110	26	31	47	110	43	77	57	34	88	96	73	115	72	40	105	60	98	44	56	66	30	44	54	106	117	23	78	97	34	103	94	46	74	89	56	42	104	29	111	69	79	94	59	87	56	80	37	43	52
59	82	117	108	108	118	56	104	52	51	113	87	110	12	19	9	60	119	98	85	114	45	102	36	115	100	29	30	4	76	59	10	30	16	55	108	125	56	105	67	77	116	41	116	129	24	55	81
73	107	88	112	83	110	85	133	104	31	73	70	70	38	115	41	81	88	119	53	124	33	25	37	61	129	27	131	93	80	90	83	85	90	38	89	118	118
23	19	40	18	42	41	21	18	45	44	18	43	38	31	32	20	47	21	34	39	45	18	47	34	33	33	29	27	28	50	38	30	24	30	44	26	24	35	19	26	48	42	31	25	36	51	44	36	40	49	33	41
29	135	46	138	27	97	106	86	136	82	80	130	55	60	112	38	87	92	65	29	151	58	67	103	133	149	90	80	119	147	116	85	137	32	134	63	115	67	65	99	43	47	137	92	33	103	26	95	75	128	27	78	66	40	130	129	111	66	46	117	79
57	77	21	25	29	25	65	31	38	55	56	39	54	71	30	43	24	32	57	77	55	77	76	73	73	80	76	40	47	54	59	31	57	23	56	26	66	60	71	46	41	38	58	60	64	81	80	75	64	47	25	78	55	51	58	46	43	77	23	74	68	52	48	63	61	79	67	73	42	72	36	76	73	24	69	77	70	78	57	31	80	64	49
130	108	54	74	16	190	79	67	30	134	70	103	188	57	14	73	166	8	93	190	10	174	58	50	0	163	61	92	55	157	177	170	152	65	144	102	122	140	13	187	157	104	6	55	154	186	128	109	137	61	27	66	183	48	17	94	58	1	80	189	106	147	51	14	105	135	170	63	70	38	108	79	95	100	10	89	30	89	138	21	60
54	31	36	82	86	70	105	81	69	100	33	100	82	84	58	108	30	43	41	103	83	84	84	86	72	67	62	62	100	101	75	105	30	29	59	100	59	64	45	54	96	34	65	60	30	88	48	104	46	31	37	29	73	85	104	47	45	88	31	106	29	63	29	51	28	80	96	91	39	84	101	105	64	31	108	63	110	56	112	61	89	70	99	39	97	111	97	64	103	89	55	105	103
43	139	106	69	107	84	137	77	106	70	75	82	50	150	33	22	139	109	84	104	143	118	50	81	73	111	150	71	51	115	91	55	31	80	131	96	12	23	108	136	105	140	136	16	89	98	107	158	93	70	32	8	114	91	133	154	151	69	23	92	58	34	158	115	11	104	11	41	91	135	85	105	93	102	45
54	39	45	61	63	87	34
48	43	44	50	61	40	53	64	32	64	62	54	40	57	40	52	51	28	64	38	62	44	41	40	43	28	36	66	48	33	60	60	40	39	55	31	55	31	55	29	30	64	63	58	53	46	60	31	46	48	42	64	29	46	29	45	61	63	49	56	65	58	47	64	34	63	32	43	50	56	36	37	53	36	32	30	58	47	48	34	54	66	34	65
6	6	49	22	42	13	48	15	27	39	29	6	53	40	46	14	60	30	21	51	33	36	36	27	18	10	50	39	29	60	50	43	23	57	42	28	34	22	26	48	25	44	28	55	53	48	16	40	45
123	104	54	42	121	130	17	51	18	89	132	70	22	42	59	15	26	35	65	60
47	24	36	36	53	42	26	22	53	26	28	59	53	30	24	38	51	58	24	43	23
15	46	16	26	37	43	41	31	28	28	25	46	27	16	39	23	44	37	26	43	44	47	41	26	30	22	32	16	49	28	44	37	31	29	43	15	39	45	31	17	31	34	31	24	49	34	32	15	29	42	47	31	18	28	41	44	16	23	23	44	47	34	40	15	47	45	26	36	47	30	29	17	36	47	40	42	46	43	17	21	29	42	24	16	41	38	34	33	24	32	28	23	37	35	34
52	35	47	26	55	29	53	33	39	43	70	42	59	71	65	72	32	66	15	25	48	58	35	48	52	23	59	21	36	46	49	45	50	14	20	71	58	51	34	71	24	59	32	16	14	31	42	48	33	13	60	14	68	13	15	41	23
78	130	140	29	137	132	87	154	58	118	90	150	36	39	33	90	40	37	94	32	131	96	103	98	155	44	82	39	120	140	24	101	101	96	31	113	159	43	89	51	104	74	144	85	136	140	148	77	35	120	29	62	141	149	120	129	78	80	124	111	63	117	89	44	102
47	42	65	29	48	41	57	55	41	50	62	32	59	45	75	32	36	40	41
120	137	41	45	122	28	41	110	37	70	43	59	96	50	110	131	29	27	98	63	60	101	124	75	140	23	64	145	110	141	58	112	27	146	113	83	27	63	74	115	121	34	80	23	106	38	113	26	111	145	24	88	82	64	27	44	93	65	23	23	36	49	40	69	34	64
131	138	52	84	63	38	35	80	18	78	159	91	140	55	137	82	117	93	48	111	129	39	54	68	122	145	98	65	125	32	134	54	69	122	122	44	163	157	118	19	94	34	117	28	160	56	70	18	40	77	76	88	92	162	57	157	75	54	64	152	59	134	81	28	169	14	23	56	140	30	129	161	110	92	117	154	134	89	139	151	158	32	53	73	59	79	65	146	56	61	19	118	29	24	20	80	34	73	79
